date,total_tests,new_tests
03/09/20,,
03/10/20,,
03/11/20,,
03/12/20,,
03/13/20,,
03/14/20,,
03/15/20,,
03/16/20,1296,
03/17/20,1751,455
03/18/20,2271,520
03/19/20,3132,861
03/20/20,4091,959
03/21/20,5207,1116
03/22/20,6004,797
03/23/20,8922,2918
03/24/20,13749,4827
03/25/20,19794,6045
03/26/20,23621,3827
03/27/20,29371,5750
03/28/20,35049,5678
03/29/20,39066,4017
03/30/20,42793,3727
03/31/20,46935,4142
04/01/20,51738,4803
04/02/20,56608,4870
